   h    k    l      d (Å)      F(real)      F(imag)          |F|         2θ          I    M
   0    0   -3   5.113333  -114.734654    74.246900      136.663    5.44664    9.23693    1
   0    0    3   5.113333  -112.471921   -77.283281      136.465    5.44664    9.21022    1
   1    0    1   4.932875    41.675514     9.269998       42.694    5.64606    2.51633    3
   0    1   -1   4.932875    43.233844    -4.069642       43.425    5.64606    2.60322    3
   0    1    2   4.309510   -69.815460   -30.755722      76.2897    6.46356    6.12534    3
   1    0   -2   4.309510   -72.496314    25.914634      76.9889    6.46356    6.23813    3
   0    1   -4   3.088418     2.073403    35.594935      35.6553    9.02365    0.68408    3
   1    0    4   3.088418     3.019797   -33.715622      33.8506    9.02365    0.61658    3
   1    1    0   3.007750   -50.755426     1.414775      50.7751    9.26619    1.31508    3
  -1   -1    0   3.007750   -50.076725   -15.387546      52.3875    9.26619    1.39993    3
   1    0   -5   2.643628    14.760049  -102.783804      103.838   10.54587    4.23675    3
   0    1    5   2.643628    12.287382   101.298657      102.041   10.54587    4.09138    3
   1    1   -3   2.592503   262.861919   -23.093798      263.874   10.75444   26.29863    3
   1    1    3   2.592503  -480.712459  -183.523982      514.554   10.75444  100.00000    3
  -1   -1   -3   2.592503  -491.701673   147.455426      513.336   10.75444   99.52717    3
  -1   -1    3   2.592503   256.839498    49.864883      261.635   10.75444   25.85421    3
   0    2    1   2.568029   -96.873635   -56.718006      112.256   10.85724    4.66886    3
   2    0   -1   2.568029  -100.210620    50.104375      112.038   10.85724    4.65077    3
   0    0   -6   2.556667  -338.807075   188.610876      387.768   10.90564   18.40393    1
   0    0    6   2.556667  -321.910835  -220.108962      389.967   10.90564   18.61326    1
   2    0    2   2.466437    20.278362    46.707842      50.9199   11.30588    0.88515    3
   0    2   -2   2.466437    23.918636   -44.344127      50.3836   11.30588    0.86660    3
   0    2    4   2.154755  -109.356482   -10.842984      109.893   12.94781    3.13244    3
   2    0   -4   2.154755  -108.466629     2.816162      108.503   12.94781    3.05373    3
   0    1   -7   2.019986   -34.994138   -16.534264      38.7036   13.81573    0.34058    3
   1    0    7   2.019986   -32.622736    14.959615      35.8892   13.81573    0.29284    3
   0    2   -5   1.985652   144.556151  -108.422345      180.698   14.05581    7.16805    3
   2    0    5   1.985652   139.852331   119.199100      183.758   14.05581    7.41287    3
   1    2   -1   1.953011   -66.892228    -9.712761      67.5937   14.29194    0.96958    3
   2    1    1   1.953011    72.240990   -40.627575      82.8816   14.29194    1.45776    3
  -2   -1   -1   1.953011    69.425256    48.773295      84.8452   14.29194    1.52765    3
  -1   -2    1   1.953011   -68.894091     5.022881       69.077   14.29194    1.01259    3
   1    1   -6   1.948000   257.862315  -125.757648      286.894   14.32891   17.37511    3
   1    1    6   1.948000   209.681898   124.136948      243.673   14.32891   12.53430    3
  -1   -1    6   1.948000   244.832077   145.651060      284.881   14.32891   17.13214    3
  -1   -1   -6   1.948000   220.874361  -107.583947      245.682   14.32891   12.74188    3
   1    2    2   1.907191  -111.406198   -12.278573      112.081   14.63717    2.53935    3
   2    1   -2   1.907191    72.130004    30.314358      78.2413   14.63717    1.23746    3
  -2   -1    2   1.907191    74.695510   -23.128723      78.1944   14.63717    1.23598    3
  -1   -2   -2   1.907191  -112.152322     2.179057      112.173   14.63717    2.54356    3
   0    1    8   1.799477    26.961754   -82.186219      86.4957   15.51857    1.34233    3
   1    0   -8   1.799477    25.415800    82.652261      86.4717   15.51857    1.34159    3
   2    1    4   1.751642   -99.369591   -81.245992      128.356   15.94507    2.79671    3
  -2   -1   -4   1.751642  -105.571755    73.085085      128.401   15.94507    2.79868    3
  -1   -2    4   1.751642    29.717643    32.071531      43.7232   15.94507    0.32452    3
   1    2   -4   1.751642    33.817981   -27.288598      43.4548   15.94507    0.32055    3
   0    3    0   1.736525   468.087962    20.537627      468.538   16.08479   36.60666    3
   3    0    0   1.736525   468.298977    16.175815      468.578   16.08479   36.61290    3
   0    0   -9   1.704444   -76.314859    70.872390      104.148   16.38960    0.58020    1
   0    0    9   1.704444   -71.760360   -75.444209      104.122   16.38960    0.57990    1
   0    2    7   1.676907    37.304535   110.509934      116.637   16.66064    2.11096    3
   2    0   -7   1.676907    44.333434  -105.239180      114.196   16.66064    2.02354    3
   1    2    5   1.657108    71.771333   140.304494      157.596   16.86114    3.76061    3
   2    1   -5   1.657108     0.772539   -33.444579      33.4535   16.86114    0.16945    3
  -2   -1    5   1.657108     3.072368    31.627730      31.7766   16.86114    0.15289    3
  -1   -2   -5   1.657108    79.828593  -134.836521      156.696   16.86114    3.71776    3
   0    3   -3   1.644292   -78.765055    23.792545      82.2801   16.99353    1.00878    3
   0    3    3   1.644292   -74.249915   -25.778333      78.5975   16.99353    0.92050    3
   3    0   -3   1.644292   -74.192732    22.659819       77.576   16.99353    0.89673    3
   3    0    3   1.644292   -78.688140   -27.356739      83.3079   16.99353    1.03414    3
   0    2   -8   1.544209     4.781386   154.756229       154.83   18.10388    3.13680    3
   2    0    8   1.544209    14.622791  -155.864630      156.549   18.10388    3.20684    3
   2    2    0   1.503875    -7.309180   -20.680933      21.9346   18.59367    0.05959    3
  -2   -2    0   1.503875    -8.976604    11.756773      14.7919   18.59367    0.02710    3
   1    1   -9   1.482893  -228.651619   239.286031      330.967   18.85914   13.17673    3
   1    1    9   1.482893   167.821791   164.552627      235.036   18.85914    6.64515    3
  -1   -1   -9   1.482893   186.064259  -143.602432      235.035   18.85914    6.64513    3
  -1   -1    9   1.482893  -205.171542  -259.084963      330.485   18.85914   13.13835    3
   0    1  -10   1.471531   -40.143750     2.652121      40.2313   19.00610    0.19161    3
   1    0   10   1.471531   -39.308248    -6.224156       39.798   19.00610    0.18750    3
   2    1    7   1.464652   -69.433173    18.821134      71.9389   19.09621    0.60671    3
   1    2   -7   1.464652    60.841844   -43.926134      75.0416   19.09621    0.66017    3
  -2   -1   -7   1.464652   -70.521982   -25.024208      74.8302   19.09621    0.65646    3
  -1   -2    7   1.464652    59.260048    51.252488       78.349   19.09621    0.71965    3
   2    2   -3   1.442769  -310.432007   107.115100      328.393   19.38861   12.25246    3
   2    2    3   1.442769   161.114753    15.269191      161.837   19.38861    2.97571    3
  -2   -2   -3   1.442769   163.861824     5.681532       163.96   19.38861    3.05432    3
  -2   -2    3   1.442769  -299.983796  -135.168619       329.03   19.38861   12.30008    3
   3    1   -1   1.438509   139.287716    45.887625      146.652   19.44659    2.42848    3
   1    3    1   1.438509    -2.253953    53.747175      53.7944   19.44659    0.32676    3
  -3   -1    1   1.438509   141.671594   -29.535125      144.718   19.44659    2.36484    3
  -1   -3   -1   1.438509     4.866451   -51.997143      52.2244   19.44659    0.30797    3
   3    0    6   1.436503  -190.487855  -138.212034      235.347   19.47401    6.23611    3
   0    3   -6   1.436503  -202.925415   114.494711      232.997   19.47401    6.11221    3
   0    3    6   1.436503  -188.121196  -141.328018      235.294   19.47401    6.23329    3
   3    0   -6   1.436503  -200.898017   117.841364      232.909   19.47401    6.10758    3
   3    1    2   1.419902    51.797312   -58.777934      78.3442   19.70395    0.67450    3
   1    3   -2   1.419902  -174.625988    34.663360      178.033   19.70395    3.48312    3
  -1   -3    2   1.419902  -170.120947   -52.886699      178.152   19.70395    3.48778    3
  -3   -1   -2   1.419902    45.438905    63.884283      78.3958   19.70395    0.67539    3
   2    1   -8   1.373735   -61.999291   116.109575      131.626   20.37309    1.77685    3
  -2   -1    8   1.373735   -54.709576  -124.522531      136.011   20.37309    1.89722    3
   1    2    8   1.373735    83.026162   -50.801920      97.3354   20.37309    0.97165    3
  -1   -2   -8   1.373735    82.831189    57.543420      100.858   20.37309    1.04325    3
   3    1   -4   1.352096   -57.009934    76.179381      95.1495   20.70271    0.89814    3
  -3   -1    4   1.352096   -49.415489   -80.216685      94.2157   20.70271    0.88060    3
  -1   -3   -4   1.352096   115.412049   -40.637229      122.357   20.70271    1.48522    3
   1    3    4   1.352096   109.409914    54.505074      122.235   20.70271    1.48224    3
   0    1   11   1.347115    12.948613    87.545362      88.4978   20.78010    0.77097    3
   1    0  -11   1.347115    18.808884   -86.025136      88.0574   20.78010    0.76331    3
   2    0  -10   1.321814    42.833097   -25.048995      49.6198   21.18241    0.23292    3
   0    2   10   1.321814    40.128929    30.259564      50.2591   21.18241    0.23896    3
   3    1    5   1.307169   -70.198790   -12.447553      71.2938   21.42252    0.46971    3
   1    3   -5   1.307169   -13.105093  -131.514590      132.166   21.42252    1.61424    3
  -1   -3    5   1.307169   -22.269937   128.037543       129.96   21.42252    1.56080    3
  -3   -1   -5   1.307169   -76.148161     2.868475      76.2022   21.42252    0.53662    3
   4    0    1   1.297725    62.278047     8.925507      62.9144   21.58027    0.36025    3
   0    4   -1   1.297725    64.453599    -0.288701      64.4542   21.58027    0.37810    3
   2    2   -6   1.296252   145.591236   -49.335323      153.723   21.60510    2.14560    3
   2    2    6   1.296252   150.500933    92.640778      176.728   21.60510    2.83584    3
  -2   -2   -6   1.296252   160.938582   -78.374541      179.008   21.60510    2.90947    3
  -2   -2    6   1.296252   138.444637    62.088151       151.73   21.60510    2.09031    3
   0    4    2   1.284014   -66.678094   -43.413523      79.5657   21.81352    0.56345    3
   4    0   -2   1.284014   -70.887432    35.601772      79.3254   21.81352    0.56005    3
   0    0  -12   1.278333   128.140409  -293.497382      320.251   21.91166    3.01442    1
   0    0   12   1.278333    95.964039   308.927183      323.489   21.91166    3.07569    1
   4    0    4   1.233219    31.469295     6.432555        32.12   22.72373    0.08433    3
   0    4   -4   1.233219    32.613159    -1.089927      32.6314   22.72373    0.08703    3
   0    2  -11   1.229436   -63.333057   -15.233280      65.1393   22.79457    0.34457    3
   2    0   11   1.229436   -61.367584     7.947389      61.8801   22.79457    0.31095    3
   3    0    9   1.216408   -43.072334   -60.530253      74.2909   23.04204    0.43820    3
   0    3   -9   1.216408   -47.987632    57.960288      75.2476   23.04204    0.44956    3
   0    3    9   1.216408   -45.338120   -63.598295      78.1043   23.04204    0.48434    3
   3    0   -9   1.216408   -50.588201    60.750218      79.0554   23.04204    0.49621    3
   1    2  -10   1.210113   -39.866018    46.505779      61.2543   23.16356    0.29465    3
  -1   -2   10   1.210113   -34.063272   -49.967377      60.4735   23.16356    0.28718    3
   2    1   10   1.210113    -3.738007    73.243656       73.339   23.16356    0.42237    3
  -2   -1  -10   1.210113     4.338367   -72.433502      72.5633   23.16356    0.41349    3
   3    1   -7   1.206278  -113.929330    18.981226        115.5   23.23821    1.04056    3
   1    3    7   1.206278    44.563579   -23.166661      50.2256   23.23821    0.19677    3
  -3   -1    7   1.206278  -107.977093   -30.921973      112.318   23.23821    0.98402    3
  -1   -3   -7   1.206278    38.496504    28.736605      48.0393   23.23821    0.18001    3
   0    4    5   1.198845   -44.913811    55.497616      71.3949   23.38433    0.39242    3
   4    0   -5   1.198845   -43.093592   -61.917336      75.4375   23.38433    0.43812    3
   2    3   -1   1.191548   -61.043235    48.951329      78.2465   23.52958    0.46529    3
   3    2    1   1.191548  -117.548546   -67.707468      135.654   23.52958    1.39847    3
  -3   -2   -1   1.191548  -122.928033    55.463306      134.861   23.52958    1.38217    3
  -2   -3    1   1.191548   -56.826673   -54.106428      78.4651   23.52958    0.46789    3
   3    2   -2   1.180908    14.486537   -37.300973      40.0153   23.74465    0.11939    3
  -3   -2    2   1.180908     9.857444    38.417008      39.6615   23.74465    0.11729    3
  -2   -3   -2   1.180908    66.098891   -23.561830      70.1728   23.74465    0.36716    3
   2    3    2   1.180908    62.713913    30.749355      69.8467   23.74465    0.36376    3
   1    1  -12   1.176484  -126.049691    94.125816      157.316   23.83524    1.83062    3
   1    1   12   1.176484   -60.792364   -68.654157      91.7012   23.83524    0.62202    3
  -1   -1  -12   1.176484   -69.741874    63.822374      94.5369   23.83524    0.66109    3
  -1   -1   12   1.176484  -113.201397  -105.289689      154.598   23.83524    1.76792    3
   3    1    8   1.153948   -52.018619   -75.200825      91.4391   24.30778    0.59353    3
  -1   -3    8   1.153948   112.263060    21.304175      114.267   24.30778    0.92687    3
   1    3   -8   1.153948   119.202044    -9.902365      119.613   24.30778    1.01563    3
  -3   -1   -8   1.153948   -55.273767    66.647471      86.5857   24.30778    0.53220    3
   0    1  -13   1.150847    53.788590   -41.907670       68.187   24.37427    0.32817    3
   1    0   13   1.150847    50.914640    43.893985      67.2234   24.37427    0.31896    3
   3    2    4   1.141032   -81.983873    23.457253      85.2737   24.58720    0.50396    3
  -2   -3    4   1.141032  -114.728730   -11.818617      115.336   24.58720    0.92192    3
   2    3   -4   1.141032  -114.828538    -0.094621      114.829   24.58720    0.91382    3
  -3   -2   -4   1.141032   -78.143912   -31.253101      84.1619   24.58720    0.49090    3
   2    1  -11   1.138034    -6.423325  -102.438346       102.64   24.65299    0.72603    3
  -2   -1   11   1.138034   -15.436086   100.941658      102.115   24.65299    0.71863    3
   1    2   11   1.138034    -6.607714     8.213889      10.5418   24.65299    0.00766    3
  -1   -2  -11   1.138034    -8.633792    -9.317489      12.7027   24.65299    0.01112    3
  -1   -4    0   1.136823   -81.961789   -19.062829      84.1494   24.67968    0.48690    3
   4    1    0   1.136823   -13.030852    30.546539      33.2099   24.67968    0.07584    3
   1    4    0   1.136823    -4.202254    26.500065      26.8312   24.67968    0.04950    3
  -4   -1    0   1.136823    -8.907034   -38.837064      39.8454   24.67968    0.10917    3
   2    2   -9   1.127678   107.735855  -103.304921      149.261   24.88301    1.50571    3
   2    2    9   1.127678  -157.506684  -168.675836      230.781   24.88301    3.59956    3
  -2   -2    9   1.127678    92.834640   117.906961      150.068   24.88301    1.52203    3
  -2   -2   -9   1.127678  -174.937058   151.442998      231.383   24.88301    3.61835    3
   4    0    7   1.119593   -25.478381   -24.661566       35.459   25.06560    0.08368    3
   0    4   -7   1.119593   -31.239549    21.946465       38.178   25.06560    0.09701    3
   3    2   -5   1.113642   137.360908   -85.231333      161.655   25.20174    1.71949    3
  -3   -2    5   1.113642   131.002682   100.188469      164.923   25.20174    1.78970    3
  -2   -3   -5   1.113642    85.407638   -67.044924      108.579   25.20174    0.77574    3
   2    3    5   1.113642    81.605666    75.902203      111.448   25.20174    0.81727    3
   4    1   -3   1.109727    85.546078     1.522415      85.5596   25.29211    0.47806    3
   4    1    3   1.109727  -194.989908   -79.693900      210.647   25.29211    2.89773    3
  -4   -1   -3   1.109727  -204.486365   -39.874095      208.338   25.29211    2.83455    3
  -4   -1    3   1.109727    83.129814    11.921799      83.9803   25.29211    0.46058    3
  -1   -4   -3   1.109727  -204.569296    67.549276      215.433   25.29211    3.03091    3
  -1   -4    3   1.109727    90.412700     6.519555      90.6475   25.29211    0.53661    3
   1    4   -3   1.109727    92.126829     7.760873      92.4531   25.29211    0.55820    3
   1    4    3   1.109727  -196.946040   -88.497277      215.916   25.29211    3.04450    3
   0    4    8   1.077377    43.752796   -25.693753      50.7393   26.06472    0.15779    3
   4    0   -8   1.077377    45.291434    28.914036      53.7339   26.06472    0.17697    3
   0    2   13   1.074853   -13.463886   -31.545016      34.2982   26.12703    0.07174    3
   2    0  -13   1.074853    47.173578    39.171864      61.3171   26.12703    0.22928    3
   0    1   14   1.072254    31.423352   -80.540159      86.4531   26.19147    0.45343    3
   1    0  -14   1.072254    26.508328    83.775677      87.8695   26.19147    0.46840    3
   3    1  -10   1.051778   -36.095074   -62.147974      71.8695   26.71069    0.30061    3
   1    3   10   1.051778   -85.226423   -96.609431      128.829   26.71069    0.96593    3
  -3   -1   10   1.051778   -43.401294    58.123668      72.5399   26.71069    0.30625    3
  -1   -3  -10   1.051778   -96.837794    86.182721      129.634   26.71069    0.97804    3
   3    2    7   1.049258    69.144087   109.901351      129.843   26.77605    0.97613    3
  -2   -3    7   1.049258    27.727814    71.394675        76.59   26.77605    0.33964    3
   2    3   -7   1.049258    33.529601   -66.982125      74.9055   26.77605    0.32486    3
  -3   -2   -7   1.049258    79.419505  -100.030398      127.724   26.77605    0.94454    3
   5    0   -1   1.039520  -135.854061    66.938929       151.45   27.03161    1.30159    3
   0    5    1   1.039520  -128.340689   -81.907102       152.25   27.03161    1.31537    3
   4    1   -6   1.038762   119.212701   -75.974934      141.364   27.05171    1.13222    3
   4    1    6   1.038762   125.408525    31.882483      129.398   27.05171    0.94864    3
  -1   -4   -6   1.038762   120.946540   -18.158893      122.302   27.05171    0.84746    3
  -1   -4    6   1.038762   103.952120    79.573276      130.912   27.05171    0.97098    3
   1    4   -6   1.038762   114.557232   -68.463054      133.456   27.05171    1.00908    3
  -4   -1   -6   1.038762   129.864661   -18.458339       131.17   27.05171    0.97481    3
  -4   -1    6   1.038762   107.628983    87.609595      138.778   27.05171    1.09117    3
   1    4    6   1.038762   116.598329    30.467215      120.513   27.05171    0.82285    3
   5    0    2   1.032433    53.627787    65.828040      84.9074   27.22073    0.40309    3
   0    5   -2   1.032433    61.844516   -58.996231       85.471   27.22073    0.40846    3
   3    0   12   1.029473    65.353709   210.979063      220.869   27.30052    2.71075    3
   0    3  -12   1.029473    90.203842  -198.681890        218.2   27.30052    2.64563    3
   0    3   12   1.029473    62.521079   211.902425      220.933   27.30052    2.71232    3
   3    0  -12   1.029473    87.510310  -199.955181      218.266   27.30052    2.64723    3
   0    0  -15   1.022667    58.103434   -16.952746      60.5261   27.48576    0.06689    1
   0    0   15   1.022667    56.564279    22.911778      61.0284   27.48576    0.06800    1
   2    3    8   1.014271    -6.919099  -128.617422      128.803   27.71779    0.89267    3
  -3   -2    8   1.014271    37.568501  -111.029430      117.213   27.71779    0.73924    3
  -2   -3   -8   1.014271   -18.410816   124.738465       126.09   27.71779    0.85545    3
   3    2   -8   1.014271    27.955193   112.962324       116.37   27.71779    0.72865    3
   1    2  -13   1.012164    10.510552    11.964412      15.9254   27.77666    0.01358    3
  -1   -2   13   1.012164    14.445864   -14.471321      20.4475   27.77666    0.02240    3
   2    1   13   1.012164    85.493795    56.109323      102.262   27.77666    0.56015    3
  -2   -1  -13   1.012164    89.983752   -48.973644      102.448   27.77666    0.56219    3
   0    2  -14   1.009993     1.639973    24.864863      24.9189   27.83756    0.03311    3
   2    0   14   1.009993    -0.175033   -25.049208      25.0498   27.83756    0.03346    3
   5    0   -4   1.005467  -124.216372   -38.038245       129.91   27.96540    0.89107    3
   0    5    4   1.005467  -128.567379    23.458285       130.69   27.96540    0.90180    3
   3    1   11   1.003414    13.816114   139.080044      139.765   28.02379    1.02682    3
  -1   -3   11   1.003414    50.406639    31.973051      59.6918   28.02379    0.18730    3
   1    3  -11   1.003414    51.376387   -25.588196      57.3959   28.02379    0.17316    3
  -3   -1  -11   1.003414    28.837374  -136.506039      139.519   28.02379    1.02321    3
   3    3    0   1.002583   218.703516    -9.840048      218.925   28.04749    2.51482    3
  -3   -3    0   1.002583   216.043424    31.410344      218.315   28.04749    2.50083    3
   0    4  -10   0.992826    57.165981    28.022154      63.6647   28.32886    0.20820    3
   4    0   10   0.992826   -58.805204   -31.000706      66.4763   28.32886    0.22700    3
   5    0    5   0.986575   143.870838    92.296160      170.931   28.51214    1.48036    3
   0    5   -5   0.986575   150.163014   -74.071467      167.438   28.51214    1.42048    3
   3    3   -3   0.983850   -28.071689   -17.601831      33.1337   28.59279    0.05529    3
   3    3    3   0.983850   -75.497106     0.432330      75.4983   28.59279    0.28707    3
  -3   -3   -3   0.983850  -135.969759    48.389861      144.324   28.59279    1.04903    3
  -3   -3    3   0.983850    50.998939     5.009588      51.2444   28.59279    0.13225    3
   2    4    1   0.982496   126.023647   -36.764100      131.277   28.63304    0.86533    3
   4    2   -1   0.982496   -19.013409   -32.002748      37.2248   28.63304    0.06958    3
  -4   -2    1   0.982496   -25.008740    30.750262       39.636   28.63304    0.07888    3
  -2   -4   -1   0.982496   121.936223    54.612331      133.607   28.63304    0.89633    3
   2    4   -2   0.976506    33.806961    80.519966      87.3291   28.81247    0.37787    3
   4    2    2   0.976506  -127.891485   -51.702803      137.947   28.81247    0.94286    3
  -4   -2   -2   0.976506  -133.145893    34.033298      137.427   28.81247    0.93576    3
  -2   -4    2   0.976506    43.708649   -75.944508      87.6243   28.81247    0.38043    3
   2    2  -12   0.974000   -49.356150    26.596503      56.0661   28.88821    0.15488    3
   2    2   12   0.974000   -67.879722   -61.910500      91.8726   28.88821    0.41587    3
  -2   -2   12   0.974000   -44.552139   -30.472930      53.9768   28.88821    0.14355    3
  -2   -2  -12   0.974000   -44.816972   -25.109245      51.3715   28.88821    0.13003    3
   1    1  -15   0.968230    48.446106  -151.483540      159.042   29.06414    1.23022    3
   1    1   15   0.968230   -28.664724  -196.794492      198.871   29.06414    1.92356    3
  -1   -1  -15   0.968230   -55.167419   190.022000      197.868   29.06414    1.90420    3
  -1   -1   15   0.968230    29.087324   155.379466      158.079   29.06414    1.21537    3
   1    2   14   0.957454    -3.873867  -100.141047      100.216   29.39858    0.47667    3
   2    1  -14   0.957454    56.771502    11.847529      57.9945   29.39858    0.15963    3
  -2   -1   14   0.957454    53.037346    -4.768895      53.2513   29.39858    0.13459    3
  -1   -2  -14   0.957454   -12.294844    98.822086       99.584   29.39858    0.47068    3
   2    4    4   0.953595   -66.751874   -84.693663      107.837   29.52022    0.54707    3
   4    2   -4   0.953595    91.975048   -37.432670      99.3006   29.52022    0.46389    3
  -4   -2    4   0.953595    85.756265    51.002024      99.7765   29.52022    0.46834    3
  -2   -4   -4   0.953595   -77.240001    76.752788       108.89   29.52022    0.55781    3
   0    4   11   0.951843    30.860197    78.001336      83.8842   29.57580    0.32970    3
   4    0  -11   0.951843    38.386462   -73.519833      82.9378   29.57580    0.32230    3
   4    1   -9   0.945759  -112.733286   100.728441      151.179   29.77046    1.05595    3
   4    1    9   0.945759    54.993191    61.912633      82.8096   29.77046    0.31683    3
  -1   -4    9   0.945759  -107.443151  -112.124570      155.293   29.77046    1.11421    3
   1    4   -9   0.945759  -163.890689    87.384336      185.731   29.77046    1.59380    3
   1    4    9   0.945759    52.139836    68.937894      86.4349   29.77046    0.34518    3
  -4   -1   -9   0.945759    63.973429   -51.339467      82.0265   29.77046    0.31086    3
  -4   -1    9   0.945759   -25.568468  -145.188841      147.423   29.77046    1.00414    3
  -1   -4   -9   0.945759    62.086748   -58.683607      85.4314   29.77046    0.33721    3
   0    1  -16   0.942915   -17.282886     3.357162      17.6059   29.86233    0.01423    3
   1    0   16   0.942915   -18.761089    -4.079745      19.1996   29.86233    0.01692    3
  -2   -3   10   0.942791    36.451544    45.167991      58.0419   29.86635    0.15458    3
   2    3  -10   0.942791    30.314956   -20.490310      36.5903   29.86635    0.06143    3
   3    2   10   0.942791    32.348658     9.786478      33.7966   29.86635    0.05241    3
  -3   -2  -10   0.942791   106.242405    64.807711      124.449   29.86635    0.71065    3
   5    0   -7   0.940974    84.453724  -110.612217      139.167   29.92536    0.88493    3
   0    5    7   0.940974    71.406016   121.525231      140.951   29.92536    0.90776    3
   2    4   -5   0.937433   -76.375068    19.119920       78.732   30.04106    0.28090    3
   4    2    5   0.937433    -9.151813   106.452425      106.845   30.04106    0.51731    3
  -4   -2   -5   0.937433     0.905528  -107.869660      107.873   30.04106    0.52732    3
  -2   -4    5   0.937433   -68.604812   -29.797293      74.7964   30.04106    0.25352    3
   1    5   -1   0.933932    45.740207    53.734186      70.5658   30.15636    0.22380    3
   5    1    1   0.933932    45.463908   -24.297677      51.5494   30.15636    0.11943    3
  -1   -5    1   0.933932   -42.518027   -25.021501      49.3341   30.15636    0.10939    3
  -5   -1   -1   0.933932    43.568698    31.935156      54.0193   30.15636    0.13115    3
   3    3   -6   0.933382   -64.164696    66.431515      92.3594   30.17454    0.38289    3
   3    3    6   0.933382   -79.384057   -47.101587      92.3059   30.17454    0.38245    3
   6   -3   -6   0.933382   -83.516954    33.515195      89.9908   30.17454    0.36351    3
   6   -3    6   0.933382   -55.757056   -77.097569      95.1466   30.17454    0.40635    3
  -6    1    2   0.928782   -41.253251   -25.441745      48.4677   30.32757    0.10431    3
   5    1   -2   0.928782    54.703135    34.303516      64.5691   30.32757    0.18512    3
  -1   -5   -2   0.928782   -43.857774    19.084009      47.8299   30.32757    0.10158    3
   6   -5    2   0.928782   110.585024   -45.814703        119.7   30.32757    0.63620    3
   5    0    8   0.915493    21.202136  -141.380875      142.962   30.77860    0.87917    3
  -5    0   -8   0.915493     6.149484   141.020706      141.155   30.77860    0.85709    3
 252    3   13   0.913942   102.716988    45.664003       112.41   30.83212    0.54153    3
   3    1  -13   0.913942   101.501648   -89.537756       135.35   30.83212    0.78511    3
  -1   -3  -13   0.913942    -4.765875   -36.155058      36.4678   30.83212    0.05699    3
  -3   -1   13   0.913942    90.743510    98.793473      134.144   30.83212    0.77118    3
   5    1    4   0.909003   -64.691414   -41.933618      77.0935   31.00384    0.25169    3
  -1   -5    4   0.909003   -10.345733   -40.216325      41.5257   31.00384    0.07302    3
   5   -6   -4   0.909003     7.427873   -15.648970      17.3223   31.00384    0.01271    3
  -5   -1   -4   0.909003   -69.224356    67.205723      96.4812   31.00384    0.39419    3
   2    3   11   0.907485   -50.007703     4.200205      50.1838   31.05701    0.10626    3
   3    2  -11   0.907485   -75.223183    20.840107      78.0566   31.05701    0.25707    3
   5   -3   11   0.907485   -69.104275   -30.992537       75.736   31.05701    0.24201    3
  -2   -3  -11   0.907485   -51.445202   -11.375042      52.6878   31.05701    0.11712    3
   0    2   16   0.899738   -52.907481   -55.844333      76.9272   31.33127    0.24500    3
   2    0  -16   0.899738   -58.288508    49.760275      76.6396   31.33127    0.24317    3
   4    2   -7   0.898052    53.994882    19.167827      57.2962   31.39163    0.13535    3
  -4   -2    7   0.898052    58.628296   -10.987460       59.649   31.39163    0.14669    3
  -2   -4   -7   0.898052  -101.533938    20.420482      103.567   31.39163    0.44223    3
   2    4    7   0.898052  -160.649140    33.270873      164.058   31.39163    1.10968    3
   1   -6    5   0.894972    35.855895    88.532256      95.5176   31.50246    0.37331    3
   5    1   -5   0.894972   -20.485189   -28.211366      34.8644   31.50246    0.04974    3
  -1   -5   -5   0.894972   145.231052    -1.278145      145.237   31.50246    0.86309    3
   6   -5    5   0.894972   -19.826314    24.603037      31.5973   31.50246    0.04085    3
   0    1   17   0.889114   -45.192382    -7.135778      45.7523   31.71545    0.08441    3
   1    0  -17   0.889114   -46.833119     3.044528       46.932   31.71545    0.08882    3
   3    0   15   0.881209    29.000251    12.033213      31.3977   32.00755    0.03898    3
  -3    0  -15   0.881209    29.715428    -8.915377       31.024   32.00755    0.03805    3
  -3    0   15   0.881209    29.093918    14.717676      32.6047   32.00755    0.04203    3
   3    0  -15   0.881209    30.188016   -11.559573      32.3255   32.00755    0.04131    3
   4    2    8   0.875821    93.695737    28.684117      97.9881   32.20981    0.37449    3
  -4   -2   -8   0.875821   101.267658   -16.981849      102.682   32.20981    0.41122    3
  -2   -4    8   0.875821   -71.733035   -67.824309      98.7206   32.20981    0.38011    3
   2    4   -8   0.875821   -76.204405    55.019692      93.9908   32.20981    0.34456    3
   4    0   13   0.874463    39.378793    59.544470      71.3879   32.26119    0.19808    3
   0    4  -13   0.874463    47.816422    -9.628276      48.7762   32.26119    0.09247    3
   4   -3  -14   0.873062    68.293171    25.809239      73.0074   32.31437    0.20643    3
  -4    1  -14   0.873062   -12.935126   137.538082      138.145   32.31437    0.73912    3
   3    1   14   0.873062    66.771599   -16.347203      68.7436   32.31437    0.18302    3
  -1   -3   14   0.873062     2.303450  -138.516055      138.535   32.31437    0.74330    3
  -6    0    0   0.868263   153.639561    16.126023      154.484   32.49793    0.91304    3
   6    0    0   0.868263   154.786547     0.192293      154.787   32.49793    0.91663    3
   3    3   -9   0.864168   -34.778898    62.896208      71.8714   32.65622    0.19556    3
   3    3    9   0.864168    -3.849922   -32.908232      33.1327   32.65622    0.04156    3
  -3   -3   -9   0.864168    -7.478542    34.620494       35.419   32.65622    0.04749    3
  -3   -3    9   0.864168   -26.800866   -64.815592      70.1381   32.65622    0.18624    3
   2   -3  -16   0.861997  -143.379084   -24.829255      145.513   32.74078    0.79713    3
   2    1   16   0.861997    -7.231601   -61.890647      62.3117   32.74078    0.14617    3
  -2   -1  -16   0.861997   -14.184774    62.022933      63.6243   32.74078    0.15240    3
   3   -1   16   0.861997   -39.973202    13.843862      42.3026   32.74078    0.06737    3
  -5    0   10   0.861902    63.691265    31.657045      71.1249   32.74448    0.19040    3
   5    0  -10   0.861902    67.388089   -20.967671      70.5748   32.74448    0.18746    3
   5    1    7   0.860513   -27.752976    -6.531420      28.5112   32.79881    0.03049    3
  -1   -5    7   0.860513    42.885197    35.991877      55.9871   32.79881    0.11755    3
   1    5   -7   0.860513    45.211747   -29.402403      53.9315   32.79881    0.10908    3
  -5   -1   -7   0.860513   -30.823110     2.483066       30.923   32.79881    0.03586    3
   6    0    3   0.856010   -56.107543    11.472642      57.2685   32.97629    0.12157    3
   0    6   -3   0.856010     2.200402   -31.426177      31.5031   32.97629    0.03679    3
   0    6    3   0.856010   -40.058121    17.611943      43.7588   32.97629    0.07098    3
   6    0   -3   0.856010   -35.907043   -20.405518      41.3001   32.97629    0.06322    3
   4    3    1   0.855117     1.921218    23.967497      24.0444   33.01168    0.02138    3
  -7    3   -1   0.855117    70.986692    44.484641      83.7735   33.01168    0.25953    3
  -3    7   -1   0.855117     7.240558   -21.811141      22.9815   33.01168    0.01953    3
  -3   -4    1   0.855117    74.609812   -32.380253      81.3333   33.01168    0.24463    3
   0    2  -17   0.852641   -18.284996   -59.487526      62.2343   33.11033    0.14230    3
   2    0   17   0.852641   -26.010439    58.584523      64.0991   33.11033    0.15096    3
   0    0  -18   0.852222   -20.709446   145.068705      146.539   33.12705    0.26271    1
   0    0   18   0.852222     3.113242  -144.696724       144.73   33.12705    0.25626    1
   4    3   -2   0.851159  -106.140047    20.306487      108.065   33.16962    0.42741    3
   3    4    2   0.851159    26.176855   -29.682356      39.5761   33.16962    0.05732    3
  -4   -3    2   0.851159   -63.011053   -42.447931      75.9751   33.16962    0.21126    3
  -3   -4   -2   0.851159    22.162785    32.638250      39.4518   33.16962    0.05697    3
  -1   -4   12   0.849498   -66.289680   -94.834623      115.706   33.23635    0.48786    3
   4    1  -12   0.849498   -43.703902    50.711965      66.9458   33.23635    0.16332    3
   4    1   12   0.849498   -50.257954   -21.273958      54.5751   33.23635    0.10854    3
  -1    5  -12   0.849498   -53.965504    15.564641      56.1652   33.23635    0.11495    3
  -4   -1   12   0.849498   -34.979322   -54.548546      64.8004   33.23635    0.15302    3
  -1   -4  -12   0.849498   -48.226323    11.587436      49.5989   33.23635    0.08964    3
   1    4  -12   0.849498   -43.902609    43.849118      62.0499   33.23635    0.14030    3
   1    4   12   0.849498   -45.160294   -16.502142      48.0809   33.23635    0.08424    3
   4   -2   15   0.845662    -9.422886  -141.741498      142.054   33.39153    0.72795    3
   2    2  -15   0.845662   -30.688593   137.803594      141.179   33.39153    0.71901    3
   2    2   15   0.845662    30.615444   103.519433      107.952   33.39153    0.42039    3
  -2   -2  -15   0.845662    44.830924   -98.951121      108.633   33.39153    0.42571    3
   5    1   -8   0.840896   -38.085928    63.359918      73.9258   33.58637    0.19467    3
  -6    1    8   0.840896    45.250919   -26.982420      52.6849   33.58637    0.09887    3
  -5   -1    8   0.840896   -32.370878   -70.784243       77.835   33.58637    0.21580    3
  -1   -5   -8   0.840896    45.135830    31.455648      55.0155   33.58637    0.10781    3
   3   -5  -13   0.839694    46.977173    21.764565       51.774   33.63588    0.09518    3
   3    2   13   0.839694    39.243489   -58.924176      70.7963   33.63588    0.17796    3
   5   -3  -13   0.839694    17.957723   100.501133      102.093   33.63588    0.37009    3
  -2   -3   13   0.839694    52.176249   -18.367983       55.315   33.63588    0.10864    3
  -4    0   14   0.838453    24.054850   -77.298242      80.9546   33.68714    0.23193    3
   4    0  -14   0.838453    16.796737    80.103862      81.8459   33.68714    0.23707    3
   4    3    4   0.835859    61.539165    53.650343      81.6421   33.79484    0.23425    3
  -7    3   -4   0.835859   -37.652906    18.477681      41.9424   33.79484    0.06183    3
  -3    7   -4   0.835859    68.746348   -42.262305       80.698   33.79484    0.22887    3
  -3   -4    4   0.835859   -34.706828   -22.157682      41.1768   33.79484    0.05959    3
   0    5  -11   0.834678   -92.107018    31.529409       97.354   33.84408    0.33204    3
   5    0   11   0.834678   -84.054196   -44.708361      95.2048   33.84408    0.31754    3
   2    5    0   0.834200    40.454199   -24.724120      47.4112   33.86408    0.07865    3
   5    2    0   0.834200    50.732672   -18.698167      54.0687   33.86408    0.10229    3
  -2   -2    0   0.834200    63.150613   -35.131466      72.2649   33.86408    0.18272    3
  -5   -2    0   0.834200    47.827230    20.308550      51.9604   33.86408    0.09447    3
   2    4   10   0.828554   -36.839162    76.079311      84.5292   34.10187    0.24622    3
   4    2  -10   0.828554   -86.284988    69.668107        110.9   34.10187    0.42381    3
  -4   -2   10   0.828554   -74.932360   -80.491566      109.972   34.10187    0.41675    3
  -2   -4  -10   0.828554   -25.284241   -79.477595      83.4025   34.10187    0.23970    3
   4    3   -5   0.824910   -19.624159   -84.010389       86.272   34.25714    0.25395    3
  -7    3    5   0.824910   -98.441638    23.487544      101.205   34.25714    0.34948    3
  -4   -3    5   0.824910   -27.726623    79.801950      84.4815   34.25714    0.24352    3
  -3   -4   -5   0.824910   -44.229470    -3.667648      44.3813   34.25714    0.06721    3
   5    2   -3   0.823315  -107.256430    67.901698      126.943   34.32556    0.54745    3
   5    2    3   0.823315    48.903387   -30.079371      57.4135   34.32556    0.11198    3
  -7    2   -3   0.823315  -103.846899    57.325747      118.619   34.32556    0.47801    3
   2    5    3   0.823315    40.119641   -23.184122      46.3367   34.32556    0.07294    3
  -2   -5   -3   0.823315    37.315271    31.708512      48.9679   34.32556    0.08146    3
   7   -2    3   0.823315   -95.609767   -69.665625      118.298   34.32556    0.47543    3
  -5   -2   -3   0.823315    44.966562    39.842170      60.0782   34.32556    0.12262    3
  -5   -2    3   0.823315   -97.395965   -80.633083      126.442   34.32556    0.54314    3
   0    6   -6   0.822146  -110.066838   -17.343895      111.425   34.37591    0.42044    3
   0    6    6   0.822146   -23.026068  -127.382972      129.447   34.37591    0.56745    3
   6    0   -6   0.822146   -36.100264    37.644039      52.1565   34.37591    0.09212    3
   6    0    6   0.822146   -40.369391   -33.527817      52.4767   34.37591    0.09326    3
   1    2   17   0.820316   -55.875153    32.932014      64.8579   34.45496    0.14174    3
   2    1  -17   0.820316   -14.240447    10.475289      17.6783   34.45496    0.01053    3
  -2   -1   17   0.820316   -11.787296   -10.162056       15.563   34.45496    0.00816    3
  -1   -1  -17   0.820316   -14.506531    39.675800      42.2446   34.45496    0.06013    3
   1    1  -18   0.819944    10.953802  -134.633795      135.079   34.47111    0.61418    3
   1    1   18   0.819944   -49.997893    82.238839      96.2446   34.47111    0.31180    3
  -1   -1  -18   0.819944   -39.813785   -87.422506      96.0616   34.47111    0.31062    3
  -1   -1   18   0.819944    -6.908023   136.548293      136.723   34.47111    0.62923    3
  -5    2   14   0.807659     6.069159     5.798376       8.3938   35.01223    0.00229    3
   3    2  -14   0.807659   -15.705445    18.941174      24.6055   35.01223    0.01970    3
  -3   -2   14   0.807659   -16.889697   -21.682248      27.4842   35.01223    0.02458    3
  -2   -3  -14   0.807659    19.853872    25.945727      32.6704   35.01223    0.03473    3
   4    2   11   0.804283    31.849773     9.222234      33.1581   35.16398    0.03544    3
   2    4  -11   0.804283    19.722810  -119.753462      121.367   35.16398    0.47474    3
  -2    6  -11   0.804283    30.572559    -4.444283      30.8939   35.16398    0.03076    3
  -2   -4   11   0.804283     3.485668   121.513823      121.564   35.16398    0.47628    3
  -4    1   16   0.798875   -24.846540    59.982514       64.925   35.40988    0.13380    3
   3    1  -16   0.798875     9.742782    43.629630      44.7042   35.40988    0.06344    3
  -1   -3  -16   0.798875   -13.414304   -61.254633      62.7062   35.40988    0.12481    3
  -3   -1   16   0.798875    14.179709   -40.087016       42.521   35.40988    0.05739    3
   5    1   10   0.798799   -16.068975    47.061095      49.7289   35.41333    0.07848    3
  -1   -5   10   0.798799   -33.259614   -21.407416      39.5535   35.41333    0.04965    3
   1    5  -10   0.798799   -36.349306    17.335823      40.2716   35.41333    0.05147    3
  -5   -1  -10   0.798799    -8.823111   -47.670052      48.4797   35.41333    0.07459    3
   0    1  -19   0.797844    51.433648   -30.560675      59.8279   35.45715    0.11329    3
   1    0   19   0.797844    47.768767    -2.008484       47.811   35.45715    0.07235    3
   4    3    7   0.797694    37.111165   -21.554387      42.9165   35.46406    0.05827    3
   3    4   -7   0.797694   -18.252539    -7.122178      19.5929   35.46406    0.01214    3
   7   -3    7   0.797694   -49.574978   -15.043850      51.8073   35.46406    0.08491    3
  -3    7   -7   0.797694   -35.165700    20.212777      40.5609   35.46406    0.05205    3
   1    6    1   0.793390   -10.015004    39.906884      41.1444   35.66289    0.05290    3
   6    1   -1   0.793390   105.245671    54.379203      118.464   35.66289    0.43857    3
  -6   -1    1   0.793390   110.271838   -36.229150      116.071   35.66289    0.42103    3
  -1   -6   -1   0.793390    -1.795765   -39.470414      39.5112   35.66289    0.04879    3
   5    2   -6   0.793053    44.900190    11.907453      46.4523   35.67855    0.06737    3
   5    2    6   0.793053    33.931323    24.141278       41.643   35.67855    0.05414    3
  -7    2   -6   0.793053    55.958238    11.330397      57.0938   35.67855    0.10177    3
  -5   -2   -6   0.793053    38.693583   -20.868501      43.9623   35.67855    0.06034    3
  -5   -2    6   0.793053    45.141959    -7.276975      45.7247   35.67855    0.06528    3
   7   -2   -6   0.793053    44.919969   -29.909393      53.9664   35.67855    0.09093    3
  -2   -5    6   0.793053    55.977008    -4.993325      56.1993   35.67855    0.09861    3
   2    5    6   0.793053    38.681512    34.037809      51.5251   35.67855    0.08289    3
  -1   -6    2   0.790225  -124.381831   -50.269734      134.156   35.81053    0.55739    3
   6    1    2   0.790225    67.003934   -49.800859      83.4844   35.81053    0.21585    3
  -6   -1   -2   0.790225    59.163383    59.095016      83.6213   35.81053    0.21656    3
  -7    1   -2   0.790225  -129.968192    29.803759      133.342   35.81053    0.55064    3
   3    3   12   0.788895    42.733261    98.104760      107.008   35.87294    0.35327    3
   3    3  -12   0.788895    28.891746  -101.976122       105.99   35.87294    0.34658    3
  -3   -3  -12   0.788895    56.324170   -88.631967      105.014   35.87294    0.34023    3
  -3   -3   12   0.788895    13.557629   107.014685       107.87   35.87294    0.35899    3
   4    3   -8   0.781992    87.260917    -3.223234      87.3204   36.20055    0.23060    3
  -3    7    8   0.781992   142.006666     1.091568      142.011   36.20055    0.60991    3
  -3   -4   -8   0.781992   -15.193872    46.723764      49.1321   36.20055    0.07300    3
  -7    3    8   0.781992   -11.522930   -51.000954      52.2865   36.20055    0.08268    3
   0    5   13   0.781025    45.591902   -70.068948      83.5959   36.24693    0.21075    3
   5    0  -13   0.781025    32.143559    72.328402      79.1493   36.24693    0.18893    3
   6    1   -4   0.777936   -58.291315    53.635294      79.2125   36.39589    0.18753    3
   1    6    4   0.777936    86.683055    60.184061      105.528   36.39589    0.33283    3
   7   -6    4   0.777936   -49.173381   -60.436064      77.9137   36.39589    0.18143    3
  -1   -6   -4   0.777936    94.890654   -44.045155      104.615   36.39589    0.32710    3
  -6    1   11   0.776984   -17.431917     4.778581       18.075   36.44206    0.00974    3
   5    1  -11   0.776984     2.567657   -61.222220       61.276   36.44206    0.11191    3
  -1   -5  -11   0.776984   -18.738670    -7.636405      20.2349   36.44206    0.01220    3
  -5   -1   11   0.776984    -4.855081    61.056659      61.2494   36.44206    0.11181    3
  -6    0   -9   0.773664    -9.016193    39.997553      41.0012   36.60398    0.04962    3
   0    6    9   0.773664   -12.391580   -50.567044      52.0632   36.60398    0.08000    3
   6    0   -9   0.773664   -19.260887    50.523821      54.0707   36.60398    0.08629    3
   6    0    9   0.773664    -3.945429   -38.549617       38.751   36.60398    0.04432    3
  -4    0  -16   0.772104    -7.642876   -14.051079      15.9952   36.68052    0.00752    3
   4    0   16   0.772104   -11.953872    14.188302      18.5527   36.68052    0.01011    3
   2   -2   19   0.771174   -72.329504    10.528494      73.0918   36.72638    0.15653    3
   2    0  -19   0.771174    18.558430   -37.233006      41.6018   36.72638    0.05071    3
   6    1    5   0.769086   -61.787612   -32.589455      69.8554   36.82964    0.14210    3
  -6   -1   -5   0.769086   -70.232765    21.450688      73.4355   36.82964    0.15703    3
  -1   -6    5   0.769086   -31.310837    93.800201       98.888   36.82964    0.28475    3
   1    6   -5   0.769086   -19.994490   -98.463007      100.473   36.82964    0.29395    3
   1    3  -17   0.765359   -76.316252    -3.158088      76.3816   37.01547    0.16802    3
   3    1   17   0.765359    -8.647154   -48.074908      48.8464   37.01547    0.06871    3
  -3   -1  -17   0.765359   -17.289724    48.198476      51.2057   37.01547    0.07551    3
  -1   -3   17   0.765359   -75.137489    -6.835807      75.4478   37.01547    0.16393    3
   0    3  -18   0.765057   -19.700571    90.960963      93.0699   37.03064    0.24923    3
   0    3   18   0.765057    -0.392889   -90.625184       90.626   37.03064    0.23631    3
   3    0  -18   0.765057   -17.692795    90.690787      92.4005   37.03064    0.24566    3
   3    0   18   0.765057    -2.331433   -91.213579      91.2434   37.03064    0.23954    3
   4    1  -15   0.760300    24.049763   -54.831902      59.8743   37.27083    0.10169    3
   4    1   15   0.760300   -12.136201   -93.584955      94.3686   37.27083    0.25261    3
  -1   -4   15   0.760300    20.185855    60.217134      63.5104   37.27083    0.11442    3
  -4   -1  -15   0.760300   -27.395292    89.570271      93.6661   37.27083    0.24886    3
  -4   -1   15   0.760300    15.360668    57.221223      59.2471   37.27083    0.09957    3
   5   -1  -15   0.760300   -23.261422    93.295034      96.1512   37.27083    0.26224    3
   1    4  -15   0.760300    29.294754   -57.010890       64.097   37.27083    0.11654    3
   1    4   15   0.760300    -7.456008   -96.594696       96.882   37.27083    0.26625    3
  -1    0   20   0.758820     3.472098    12.021031      12.5124   37.34620    0.00442    3
   1    0  -20   0.758820     4.451106   -10.956896      11.8265   37.34620    0.00395    3
65530    4   13   0.755954    95.546406    35.820877       102.04   37.49305    0.29151    3
   4    2  -13   0.755954    -9.186562   -19.258893      21.3377   37.49305    0.01275    3
  -4   -2   13   0.755954    -9.721064    13.853394      16.9238   37.49305    0.00802    3
  -2   -4  -13   0.755954    98.443472   -82.317708      128.325   37.49305    0.46103    3
   5    0   14   0.755048   -23.996925    11.533841      26.6248   37.53970    0.01979    3
   0    5  -14   0.755048   -17.711902   -15.246166        23.37   37.53970    0.01525    3
   4    4    0   0.751938    -1.350081    43.148130      43.1692   37.70084    0.05154    3
  -4   -4    0   0.751938     6.133935   -48.120840      48.5102   37.70084    0.06508    3
   2    5   -9   0.749273     5.348780   -34.804576      35.2132   37.83999    0.03402    3
   2    5    9   0.749273   -78.463650   -49.678432      92.8681   37.83999    0.23660    3
   5    2   -9   0.749273     2.725927   -43.985378      44.0698   37.83999    0.05328    3
   5    2    9   0.749273   -88.117109   -49.005773      100.828   37.83999    0.27889    3
  -5   -2   -9   0.749273   -93.954043    36.493533      100.793   37.83999    0.27870    3
  -2    7    9   0.749273   -10.709097    44.266401      45.5434   37.83999    0.05690    3
  -2   -5   -9   0.749273   -84.540384    38.735130      92.9919   37.83999    0.23723    3
   7   -2    9   0.749273    -1.804582    37.565686       37.609   37.83999    0.03880    3
  -5    2  -16   0.747857   -50.713498    60.361499      78.8376   37.91440    0.16977    3
   3    2   16   0.747857   -55.285013   -47.185724      72.6837   37.91440    0.14430    3
  -3   -2  -16   0.747857   -60.359753    39.374730      72.0671   37.91440    0.14186    3
  -2   -3   16   0.747857     2.559187   -62.887809      62.9399   37.91440    0.10821    3
   4    3   10   0.747795   -59.859311   -71.056047      92.9091   37.91765    0.23574    3
  -7    3  -10   0.747795   -26.237626   -26.321850      37.1652   37.91765    0.03772    3
  -4   -3  -10   0.747795   -70.878359    61.723152      93.9866   37.91765    0.24124    3
  -3   -4   10   0.747795   -30.241004    23.111215      38.0611   37.91765    0.03956    3
   1    2  -19   0.747011     4.891957    23.457349       23.962   37.95898    0.01564    3
   2    1   19   0.747011    25.012955   -23.441973      34.2808   37.95898    0.03202    3
  -1    3  -19   0.747011    21.131175    23.743346      31.7848   37.95898    0.02752    3
  -1   -2   19   0.747011    42.271870    41.066973      58.9356   37.95898    0.09463    3
   6    1   -7   0.746887   -84.422146    18.480343      86.4212   37.96549    0.20340    3
-16777215    1    7   0.746887    97.279085   -32.118169      102.444   37.96549    0.28581    3
  -6   -1    7   0.746887   -78.240548   -32.085418      84.5639   37.96549    0.19475    3
  -1   -6   -7   0.746887    48.930655    38.517368       62.272   37.96549    0.10561    3
   4    4   -3   0.743937   -13.456669     3.520734      13.9096   38.12186    0.00522    3
   4    4    3   0.743937   -58.095617   -16.235513      60.3216   38.12186    0.09820    3
  -4   -4   -3   0.743937   -58.976024     9.142860      59.6805   38.12186    0.09612    3
  -4   -4    3   0.743937   -14.122546    -3.197531        14.48   38.12186    0.00566    3
   5    3   -1   0.743351   -72.023784    36.503834      80.7462   38.15307    0.17564    3
   3    5    1   0.743351   -82.904618   -67.617530      106.983   38.15307    0.30832    3
  -7    0   -1   0.743351    37.335505    26.478222      45.7716   38.15307    0.05644    3
   7    0    1   0.743351    13.678403   -19.180687      23.5584   38.15307    0.01495    3
  -3   -5   -1   0.743351   -90.936153    54.405722      105.969   38.15307    0.30250    3
  -5   -3    1   0.743351   -67.199543   -46.844808      81.9159   38.15307    0.18076    3
  -4    0   17   0.741722   -35.871954   -80.593542      88.2163   38.24010    0.20859    3
   4    0  -17   0.741722   -46.752639    19.796636      50.7712   38.24010    0.06909    3
   2    2  -18   0.741447   -24.462637   -62.694942      67.2984   38.25486    0.12129    3
   2    2   18   0.741447   -10.085190    97.094582      97.6169   38.25486    0.25519    3
  -2   -2  -18   0.741447     3.284525   -96.171765      96.2278   38.25486    0.24798    3
  -2   -2   18   0.741447   -31.923010    59.495217      67.5186   38.25486    0.12209    3
   3    5   -2   0.740746    52.495676   -54.086583      75.3734   38.29244    0.15181    3
   5    3    2   0.740746    30.517974    28.384595      41.6777   38.29244    0.04642    3
   7    0   -2   0.740746   -27.000591     5.484685       27.552   38.29244    0.02029    3
   0    7    2   0.740746   -26.488665   -10.472925      28.4839   38.29244    0.02168    3
  -5   -3   -2   0.740746    -7.825689   -35.992874      36.8338   38.29244    0.03626    3
  -3   -5    2   0.740746    32.909107    35.485648      48.3967   38.29244    0.06259    3
   0    2  -20   0.735766    37.430212     7.706505      38.2153   38.56186    0.03843    3
   2    0   20   0.735766    39.000239    -0.957975       39.012   38.56186    0.04004    3
   6    1    8   0.733952   -52.325344   -51.249414      73.2424   38.66094    0.14035    3
  -6   -1   -8   0.733952   -56.060396    40.029988      68.8852   38.66094    0.12414    3
  -1   -6    8   0.733952    91.894564    39.680268      100.096   38.66094    0.26212    3
  -7    1   -8   0.733952   101.305864   -25.570693      104.483   38.66094    0.28560    3
   5    1   13   0.733152    54.962355    47.880298       72.893   38.70479    0.13866    3
  -1   -5   13   0.733152    22.785120    -8.492341      24.3163   38.70479    0.01543    3
   1    5  -13   0.733152    19.240271     8.182700       20.908   38.70479    0.01141    3
  -5   -1  -13   0.733152    77.007515     3.721154      77.0974   38.70479    0.15512    3
   4    2   14   0.732326     2.541763  -114.753494      114.782   38.75020    0.34293    3
  -6    2  -14   0.732326    75.552669     0.313404      75.5533   38.75020    0.14858    3
  -4   -2  -14   0.732326   -12.664515   113.552986      114.257   38.75020    0.33980    3
  -2   -4   14   0.732326    64.986502   -13.349017      66.3434   38.75020    0.11456    3
   5   -8    4   0.730595   -86.327327    21.648162      89.0003   38.84568    0.20505    3
   5    3   -4   0.730595   -75.399134   -30.498431      81.3338   38.84568    0.17125    3
  -5   -3    4   0.730595   -79.393229    19.207850      81.6837   38.84568    0.17273    3
  -3   -5   -4   0.730595   -58.510563   -34.841063      68.0984   38.84568    0.12005    3
   0    7   -4   0.730595    -3.893436   -27.384551      27.6599   38.84568    0.01981    3
   7    0    4   0.730595    -8.376657    28.118956      29.3401   38.84568    0.02228    3
   0    0  -21   0.730476     2.330660    55.282834      55.3319   38.85226    0.02641    1
   0    0   21   0.730476    10.373929   -57.987123      58.9078   38.85226    0.02993    1
   3    4   11   0.729806    -0.554683    81.318118        81.32   38.88935    0.17077    3
   4    3  -11   0.729806    33.572905   -16.495732      37.4065   38.88935    0.03613    3
   7   -4   11   0.729806    32.558009    22.189444      39.4004   38.88935    0.04009    3
  -3   -4  -11   0.729806    10.847103   -80.340770      81.0697   38.88935    0.16972    3
   5    3    5   0.723250    70.187854    67.678192      97.5022   39.25629    0.24043    3
   3    5   -5   0.723250    99.437015   -46.597662      109.814   39.25629    0.30498    3
   0    7    5   0.723250    -8.030456    36.377074      37.2529   39.25629    0.03510    3
   7    0   -5   0.723250    -5.718923   -38.016975      38.4447   39.25629    0.03738    3
  -3   -5    5   0.723250    94.156267    62.631088      113.084   39.25629    0.32342    3
  -5   -3   -5   0.723250    62.427171   -96.857394      115.232   39.25629    0.33582    3
   6    2    1   0.721638   -38.725590   -51.938893      64.7867   39.34757    0.10561    3
   2    6   -1   0.721638   -54.652687   -32.124895       63.395   39.34757    0.10112    3
  -6   -2   -1   0.721638   -58.715045     1.546525      58.7354   39.34757    0.08680    3
  -2   -6    1   0.721638   -18.891500   -13.849900      23.4245   39.34757    0.01381    3
   4    4    6   0.721385    86.847314    -3.081144       86.902   39.36198    0.18986    3
   4    4   -6   0.721385    53.253619   -59.819070      80.0891   39.36198    0.16126    3
  -4   -4   -6   0.721385   130.531645   -19.873762      132.036   39.36198    0.43828    3
  -4   -4    6   0.721385    41.458598    65.544779       77.556   39.36198    0.15122    3
   2    3   17   0.720148   -16.555779    46.065762      48.9505   39.43237    0.06000    3
   3    2  -17   0.720148    -9.820733   -71.499677       72.171   39.43237    0.13043    3
  -3   -2   17   0.720148   -21.138161    71.040129      74.1183   39.43237    0.13756    3
  -2   -3  -17   0.720148    -9.550039   -46.109838      47.0884   39.43237    0.05552    3
   6    2   -2   0.719255    17.434539     5.755212      18.3599   39.48338    0.00842    3
   2    6    2   0.719255   -36.304070     5.048270      36.6534   39.48338    0.03355    3
  -2    8    2   0.719255    17.319941    -3.287473      17.6292   39.48338    0.00776    3
  -2   -6   -2   0.719255    13.531639     7.209993      15.3326   39.48338    0.00587    3
   6    0   12   0.718252    24.303622    70.853206      74.9056   39.54082    0.13965    3
   0    6  -12   0.718252    34.769717   -64.371206      73.1614   39.54082    0.13322    3
   0    6   12   0.718252     8.298984    24.466370      25.8356   39.54082    0.01661    3
   6    0  -12   0.718252    24.089912   -69.734701      73.7784   39.54082    0.13547    3
   3    3   15   0.715928    -0.508046   -13.973939      13.9832   39.67450    0.00483    3
   3    3  -15   0.715928     2.577509   -15.329064      15.5443   39.67450    0.00597    3
  -3   -3  -15   0.715928    12.986293    62.685445      64.0165   39.67450    0.10123    3
  -3   -3   15   0.715928     0.168875    14.853502      14.8545   39.67450    0.00545    3
  -3    1   20   0.714692    12.391254    38.539055      40.4821   39.74600    0.04032    3
   2    1  -20   0.714692     6.430923    33.368851      33.9829   39.74600    0.02841    3
  -2   -1   20   0.714692   -33.774792    -2.080103      33.8388   39.74600    0.02817    3
  -1   -2  -20   0.714692    17.991076   -35.654996      39.9369   39.74600    0.03924    3
  -6    1   14   0.711539    50.072914   -58.596282      77.0767   39.92964    0.14468    3
   5    1  -14   0.711539    44.151944     7.816535      44.8385   39.92964    0.04896    3
   6   -1  -14   0.711539     0.226691    58.649243      58.6497   39.92964    0.08377    3
  -5   -1   14   0.711539    40.970425    -0.835581      40.9789   39.92964    0.04090    3
   6    2    4   0.709951   -47.816890     4.248201      48.0052   40.02276    0.05583    3
   2    6   -4   0.709951   -41.516054   -12.891644      43.4716   40.02276    0.04578    3
   8   -2    4   0.709951   -43.007673     7.344012      43.6302   40.02276    0.04612    3
  -2    8   -4   0.709951   -46.787067   -10.671496      47.9886   40.02276    0.05579    3
   1    1   21   0.709842    -0.485504    89.484334      89.4857   40.02918    0.19394    3
   1    1  -21   0.709842    66.342946   102.398649      122.012   40.02918    0.36054    3
  -1   -1   21   0.709842    81.772171   -93.242704       124.02   40.02918    0.37251    3
  -1   -1  -21   0.709842    37.479050   -92.640128      99.9343   40.02918    0.24187    3
  -5    0   16   0.705510   -64.853338   -71.893295      96.8225   40.28554    0.22384    3
   5    0  -16   0.705510   -74.441349    61.488421      96.5523   40.28554    0.22259    3
   1    6   10   0.705458   -73.711292   -86.326621      113.515   40.28864    0.30762    3
   6    1  -10   0.705458   -28.150220   -60.700427      66.9102   40.28864    0.10688    3
  -6   -1   10   0.705458   -38.335093    56.465036      68.2487   40.28864    0.11120    3
  -1   -1  -10   0.705458   -75.723886    66.219432      100.594   40.28864    0.24157    3
  -4    1   19   0.704800    67.162177    26.860963      72.3344   40.32791    0.12464    3
   3    1  -19   0.704800    25.038247    49.310173      55.3029   40.32791    0.07286    3
  -1   -3  -19   0.704800    70.946389   -18.162143      73.2342   40.32791    0.12776    3
  -3   -1   19   0.704800    -5.266155   -29.373404      29.8417   40.32791    0.02121    3
   5    3   -7   0.704696    59.739325   -50.232541      78.0519   40.33410    0.14507    3
  -8    3    7   0.704696    79.504376    44.851139      91.2829   40.33410    0.19842    3
   7    0    7   0.704696     7.378120     1.978592      7.63881   40.33410    0.00139    3
   8   -3   -7   0.704696    65.905734   -72.573799      98.0333   40.33410    0.22886    3
   0    7   -7   0.704696     5.845534    -1.193478      5.96613   40.33410    0.00085    3
  -5   -3    7   0.704696    51.931880    59.635620       79.078   40.33410    0.14891    3
   6    2   -5   0.703205    54.891933   -34.955411      65.0769   40.42335    0.10035    3
  -2   -6   -5   0.703205    20.523492   -56.408350       60.026   40.42335    0.08538    3
   2    6    5   0.703205    14.394763    59.036993      60.7666   40.42335    0.08750    3
  -6   -2    5   0.703205    51.973627    43.896080      68.0303   40.42335    0.10967    3
