   h    k    l      d (Å)      F(real)      F(imag)          |F|         2θ          I    M
   0    0    3   5.113333  -337.516690    -7.375883      337.597    5.44664   59.46755    2
   1    0    1   4.932875    39.705124     2.418383      39.7787    5.64606    2.30456    6
   0    1    2   4.309510     1.265727    -1.505008       1.9665    6.46356    0.00429    6
   1    0    4   3.088418   -41.692185    -1.420096      41.7164    9.02365    0.98792    6
   1    1    0   3.007750   -46.548605    -6.972418      47.0679    9.26619    1.19221    6
   0    1    5   2.643628   -56.763054    -0.842706      56.7693   10.54587    1.33598    6
   1    1    3   2.592503  -500.690136   -16.478266      500.961   10.75444  100.00000    6
   1    1   -3   2.592503   262.735892    15.673009      263.203   10.75444   27.60408    6
   0    2    1   2.568029   -48.006279    -1.320754      48.0244   10.85724    0.90151    6
   0    0    6   2.556667  -273.072032   -15.045127      273.486   10.90564    9.65806    2
   2    0    2   2.466437    62.971853     1.376864      62.9869   11.30588    1.42888    6
   0    2    4   2.154755   -65.333968    -2.561194      65.3842   12.94781    1.16989    6
   1    0    7   2.019986    56.484351     1.012535      56.4934   13.81573    0.76552    6
   2    0    5   1.985652     0.216913     1.443011      1.45922   14.05581    0.00049    6
   2    1    1   1.953011    42.143680     2.559489      42.2213   14.29194    0.39910    6
   1    2   -1   1.953011   -27.030928    -0.640689      27.0385   14.29194    0.16368    6
   1    1   -6   1.948000   141.802298     3.210971      141.839   14.32891    4.48052    6
   1    1    6   1.948000   446.527484    17.321500      446.863   14.32891   44.47217    6
   2    1   -2   1.907191    69.285576     2.018443       69.315   14.63717    1.02463    6
   1    2    2   1.907191   -29.504922    -2.591932      29.6186   14.63717    0.18709    6
   0    1    8   1.799477    66.593352     1.910951      66.6208   15.51857    0.84012    6
   2    1    4   1.751642  -110.140946    -4.946636      110.252   15.94507    2.17692    6
   1    2   -4   1.751642    12.983506     0.989453      13.0212   15.94507    0.03036    6
   3    0    0   1.736525   503.071155    19.681534      503.456   16.08479   44.59089    6
   0    0    9   1.704444   164.515014     9.796061      164.806   16.38960    1.53276    2
   0    2    7   1.676907   130.685990     4.901149      130.778   16.66064    2.79983    6
   2    1   -5   1.657108   -79.031404    -2.521224      79.0716   16.86114    0.99876    6
   1    2    5   1.657108    24.249890     2.570894      24.3858   16.86114    0.09499    6
   0    3    3   1.644292  -216.316250    -6.464262      216.413   16.99353    7.36251    6
   3    0    3   1.644292  -216.772778    -6.486843       216.87   16.99353    7.39364    6
   2    0    8   1.544209    -7.793541    -1.614065      7.95893   18.10388    0.00874    6
   2    2    0   1.503875   -11.162360    -5.057986      12.2549   18.59367    0.01962    6
   1    1    9   1.482893    43.231527     3.942427      43.4109   18.85914    0.23916    6
   1    1   -9   1.482893  -375.896898   -17.739581      376.315   18.85914   17.97191    6
   1    0   10   1.471531   -94.199047    -2.340701      94.2281   19.00610    1.10893    6
   2    1    7   1.464652    74.512799     2.439122      74.5527   19.09621    0.68744    6
   1    2   -7   1.464652    80.684527     2.760206      80.7317   19.09621    0.80611    6
   2    2    3   1.442769   155.696000    12.240385      156.176   19.38861    2.92362    6
   2    2   -3   1.442769  -343.567855   -13.915533       343.85   19.38861   14.17186    6
   3    1   -1   1.438509    90.204315     5.322207      90.3612   19.44659    0.97270    6
   1    3    1   1.438509    29.165019     2.120000       29.242   19.44659    0.10187    6
   3    0    6   1.436503  -165.248388   -11.779699      165.668   19.47401    3.26006    6
   0    3    6   1.436503  -165.437329   -11.789618      165.857   19.47401    3.26751    6
   1    3   -2   1.419902   -74.402566    -5.078230      74.5757   19.70395    0.64478    6
   3    1    2   1.419902    23.042676     0.065332      23.0428   19.70395    0.06156    6
   2    1   -8   1.373735    12.827280    -0.488697      12.8366   20.37309    0.01783    6
   1    2    8   1.373735    47.992994     1.397292      48.0133   20.37309    0.24943    6
   3    1   -4   1.352096   -85.207883    -4.311657      85.3169   20.70271    0.76182    6
   1    3    4   1.352096    34.246146     2.145276      34.3133   20.70271    0.12323    6
   0    1   11   1.347115   -38.191875    -1.224990      38.2115   20.78010    0.15164    6
   0    2   10   1.321814  -100.008370    -3.016930      100.054   21.18241    0.99912    6
   1    3   -5   1.307169    -4.254068     1.071417      4.38692   21.42252    0.00188    6
   3    1    5   1.307169  -101.204073    -4.259590      101.294   21.42252    1.00034    6
   4    0    1   1.297725    68.151001     4.358734      68.2902   21.58027    0.44779    6
   2    2    6   1.296252   107.625773     2.942006      107.666   21.60510    1.11040    6
   2    2   -6   1.296252   315.483975    14.421293      315.813   21.60510    9.55399    6
   0    4    2   1.284014   -36.300082    -3.150090      36.4365   21.81352    0.12466    6
   0    0   12   1.278333   180.092625     9.946873      180.367   21.91166    1.00877    2
   4    0    4   1.233219   -17.931080    -0.755282       17.947   22.72373    0.02777    6
   2    0   11   1.229436   -43.094895    -1.641715      43.1262   22.79457    0.15934    6
   3    0    9   1.216408   106.052540     7.646654      106.328   23.04204    0.94700    6
   0    3    9   1.216408   105.785851     7.631413      106.061   23.04204    0.94224    6
   1    2  -10   1.210113  -130.447875    -5.110701      130.548   23.16356    1.41196    6
   2    1   10   1.210113   -41.269979     0.000631        41.27   23.16356    0.14111    6
   3    1   -7   1.206278    17.425697    -0.309109      17.4284   23.23821    0.02500    6
   1    3    7   1.206278    19.118241    -0.211925      19.1194   23.23821    0.03008    6
   0    4    5   1.198845   -55.210009    -1.904329      55.2428   23.38433    0.24787    6
   3    2    1   1.191548   -62.659371    -3.022669      62.7322   23.52958    0.31552    6
   2    3   -1   1.191548   -25.183733    -0.855845      25.1983   23.52958    0.05091    6
   3    2   -2   1.180908    28.398354     0.531830      28.4033   23.74465    0.06346    6
   2    3    2   1.180908    73.930393     3.178050      73.9987   23.74465    0.43074    6
   1    1   12   1.176484  -230.292625   -13.474070      230.686   23.83524    4.15291    6
   1    1  -12   1.176484   114.371896     6.600523      114.562   23.83524    1.02421    6
   1    3   -8   1.153948    90.476157     4.220851      90.5746   24.30778    0.61440    6
   3    1    8   1.153948    52.214176     1.966956      52.2512   24.30778    0.20447    6
   1    0   13   1.150847   111.839494     3.468911      111.893   24.37427    0.93230    6
   2    3   -4   1.141032   -81.459532    -4.591810      81.5888   24.58720    0.48672    6
   3    2    4   1.141032   -21.502140    -1.036145      21.5271   24.58720    0.03388    6
   2    1  -11   1.138034     6.025891     1.135261       6.1319   24.65299    0.00273    6
   1    2   11   1.138034   -77.157359    -3.805567      77.2512   24.65299    0.43390    6
   1    4    0   1.136823     6.968385    -3.678134      7.87953   24.67968    0.00450    6
   4    1    0   1.136823     6.149569    -3.726801      7.19071   24.67968    0.00375    6
   2    2   -9   1.127678    23.784865     2.959214      23.9682   24.88301    0.04096    6
   2    2    9   1.127678  -271.544818   -14.679685      271.941   24.88301    5.27293    6
   4    0    7   1.119593     4.948120    -0.966887       5.0417   25.06560    0.00178    6
   3    2   -5   1.113642    37.210642     3.488198      37.3738   25.20174    0.09696    6
   2    3    5   1.113642   -16.565069     0.251659       16.567   25.20174    0.01905    6
   4    1    3   1.109727  -255.083333   -11.649958      255.349   25.29211    4.49231    6
   4    1   -3   1.109727    93.381745     9.368404      93.8505   25.29211    0.60684    6
   1    4    3   1.109727  -255.712368   -11.687900      255.979   25.29211    4.51451    6
   1    4   -3   1.109727    93.643071     9.384167      94.1121   25.29211    0.61023    6
   0    4    8   1.077377    79.249652     3.789181      79.3402   26.06472    0.40704    6
   0    2   13   1.074853    61.304489     0.723620      61.3088   26.12703    0.24183    6
   0    1   14   1.072254    21.823172     0.916635      21.8424   26.19147    0.03054    6
   3    1  -10   1.051778   -26.306678     0.595168      26.3134   26.71069    0.04251    6
   1    3   10   1.051778  -113.690651    -4.859440      113.794   26.71069    0.79508    6
   2    3   -7   1.049258   106.422192     5.423227       106.56   26.77605    0.69361    6
   3    2    7   1.049258   113.113414     5.841564      113.264   26.77605    0.78363    6
   0    5    1   1.039520   -61.584609    -3.290437      61.6724   27.03161    0.22770    6
   1    4    6   1.038762   237.245778    12.165818      237.558   27.05171    3.37319    6
   1    4   -6   1.038762    90.311253     2.917727      90.3584   27.05171    0.48802    6
   4    1    6   1.038762   237.698208    12.194294      238.011   27.05171    3.38607    6
   4    1   -6   1.038762    91.138048     2.969766      91.1864   27.05171    0.49701    6
   5    0    2   1.032433    60.823265     2.771070      60.8864   27.22073    0.21868    6
   3    0   12   1.029473   130.799009     8.229222      131.058   27.30052    1.00692    6
   0    3   12   1.029473   131.021694     8.243323      131.281   27.30052    1.01036    6
   0    0   15   1.022667  -168.445588   -11.993693      168.872   27.48576    0.54933    2
   3    2   -8   1.014271   -11.159144    -1.770172      11.2987   27.71779    0.00725    6
   2    3    8   1.014271   -25.981847    -2.718370      26.1237   27.71779    0.03874    6
   1    2  -13   1.012164    97.049109     3.236121       97.103   27.77666    0.53284    6
   2    1   13   1.012164    68.880994     1.431633      68.8959   27.77666    0.26824    6
   2    0   14   1.009993    65.188599     3.760838       65.297   27.83756    0.23983    6
   0    5    4   1.005467   -52.041079    -3.123686      52.1347   27.96540    0.15140    6
   1    3  -11   1.003414   -69.589300    -3.744490        69.69   28.02379    0.26933    6
   3    1   11   1.003414    12.456287     1.543276      12.5515   28.02379    0.00874    6
   3    3    0   1.002583   275.356359    13.854053      275.705   28.04749    4.20784    6
   4    0   10   0.992826   -66.439057    -2.122186      66.4729   28.32886    0.23946    6
   5    0    5   0.986575    24.163511     2.766673      24.3214   28.51214    0.03162    6
   3    3    3   0.983850  -136.301730    -5.338655      136.406   28.59279    0.98863    6
   3    3   -3   0.983850  -130.455830    -4.956608       130.55   28.59279    0.90556    6
   4    2   -1   0.982496    -0.404216     0.537413     0.672461   28.63304    0.00002    6
   2    4    1   0.982496    67.297962     4.966314       67.481   28.63304    0.24123    6
   4    2    2   0.976506   -59.541044    -4.955619      59.7469   28.81247    0.18660    6
   2    4   -2   0.976506    43.453233     1.811724       43.491   28.81247    0.09887    6
   2    2  -12   0.974000  -162.450594   -10.750204      162.806   28.88821    1.37779    6
   2    2   12   0.974000    85.637520     5.581007      85.8192   28.88821    0.38284    6
   1    1   15   0.968230    41.668654     1.507559      41.6959   29.06414    0.08921    6
   1    1  -15   0.968230   165.147347     9.671149       165.43   29.06414    1.40425    6
   2    1  -14   0.957454    33.536091     1.811674       33.585   29.39858    0.05648    6
   1    2   14   0.957454    41.499337     2.342499      41.5654   29.39858    0.08651    6
   4    2   -4   0.953595    36.530222     2.676267      36.6281   29.52022    0.06659    6
   2    4    4   0.953595   -91.985021    -5.916188      92.1751   29.52022    0.42169    6
   0    4   11   0.951843   -27.876395    -1.134227      27.8995   29.57580    0.03848    6
   1    4   -9   0.945759  -203.116038   -12.219988      203.483   29.77046    2.01825    6
   4    1    9   0.945759     7.455809     1.945835      7.70554   29.77046    0.00289    6
   4    1   -9   0.945759  -203.241378   -12.228421      203.609   29.77046    2.02074    6
   1    4    9   0.945759     8.119652     1.990493      8.36007   29.77046    0.00341    6
   1    0   16   0.942915   -90.303783    -2.830618      90.3481   29.86233    0.39527    6
   2    3  -10   0.942791   -55.460243    -1.581950      55.4828   29.86635    0.14902    6
   3    2   10   0.942791  -102.262107    -4.737915      102.372   29.86635    0.50732    6
   0    5    7   0.940974   121.583347     7.012281      121.785   29.92536    0.71496    6
   4    2    5   0.937433    20.808649     2.569958      20.9667   30.04106    0.02102    6
   2    4   -5   0.937433   -85.788123    -4.649197       85.914   30.04106    0.35288    6
   1    5   -1   0.933932   -25.997027    -1.228870      26.0261   30.15636    0.03212    6
   5    1    1   0.933932    27.201958     2.384249      27.3062   30.15636    0.03536    6
   3    3    6   0.933382   -62.045532    -6.875897      62.4254   30.17454    0.18454    6
   3    3   -6   0.933382   -64.749450    -6.053231      65.0318   30.17454    0.20027    6
   1    5    2   0.928782   -19.319133    -2.327560      19.4588   30.32757    0.01774    6
   5    1   -2   0.928782    51.628968     2.511471        51.69   30.32757    0.12516    6
   5    0    8   0.915493   -35.214839    -3.445246       35.383   30.77860    0.05682    6
   1    3   13   0.913942   120.700074     5.458981      120.823   30.83212    0.66004    6
   3    1  -13   0.913942    90.053730     3.342462      90.1157   30.83212    0.36717    6
   1    5   -4   0.909003     9.307385     0.896718      9.35048   31.00384    0.00391    6
   5    1    4   0.909003   -82.173996    -5.448196      82.3544   31.00384    0.30301    6
   3    2  -11   0.907485   -57.350156    -3.253108      57.4423   31.05701    0.14687    6
   2    3   11   0.907485   -14.663693   -31.894555      35.1039   31.05701    0.05485    6
   0    2   16   0.899738   -64.148850    -1.283525      64.1617   31.33127    0.17981    6
   4    2   -7   0.898052    32.087297     1.049049      32.1044   31.39163    0.04483    6
   2    4    7   0.898052    28.076380     0.768169      28.0869   31.39163    0.03431    6
   1    5    5   0.894972    27.914693     3.090592      28.0853   31.50246    0.03405    6
   5    1   -5   0.894972   -51.639265    -2.495825      51.6995   31.50246    0.11538    6
   0    1   17   0.889114   -31.440598    -1.937882      31.5003   31.71545    0.04222    6
   3    0   15   0.881209  -120.454892    -9.746342      120.849   32.00755    0.60917    6
   0    3   15   0.881209  -120.374252    -9.740608      120.768   32.00755    0.60835    6
   4    2    8   0.875821    62.240806     3.447593      62.3362   32.20981    0.15989    6
   2    4   -8   0.875821    21.977048     0.569971      21.9844   32.20981    0.01989    6
   4    0   13   0.874463   108.888535     4.952486      109.001   32.26119    0.48720    6
   3    1   14   0.873062     3.543406    -0.199940      3.54904   32.31437    0.00051    6
   1    3  -14   0.873062     8.980175     0.189636      8.98218   32.31437    0.00330    6
   6    0    0   0.868263   214.332307    11.728251      214.653   32.49793    1.85974    6
   3    3    9   0.864168    43.703668     4.573577      43.9423   32.65622    0.07712    6
   3    3   -9   0.864168    40.138666     4.315936        40.37   32.65622    0.06509    6
   2    1   16   0.861997   -95.137327    -3.736092      95.2107   32.74078    0.36004    6
   1    2  -16   0.861997   -53.895544    -0.749260      53.9008   32.74078    0.11539    6
   0    5   10   0.861902   -77.545507    -3.495604      77.6243   32.74448    0.23926    6
   1    5   -7   0.860513    63.918411     3.429015      64.0103   32.79881    0.16211    6
   5    1    7   0.860513    56.786212     2.911733      56.8608   32.79881    0.12792    6
   6    0    3   0.856010  -111.377289    -4.718243      111.477   32.97629    0.48597    6
   0    6    3   0.856010   -93.617676    -0.441945      93.6187   32.97629    0.34274    6
   4    3    1   0.855117    34.188884     2.957007      34.3165   33.01168    0.04594    6
   3    4   -1   0.855117    63.870626     5.121226      64.0756   33.01168    0.16018    6
   2    0   17   0.852641   -41.835656    -2.741963      41.9254   33.11033    0.06813    6
   0    0   18   0.852222   -63.251032    -2.520827      63.3012   33.12705    0.05172    2
   4    3   -2   0.851159   -52.741235    -4.793556      52.9586   33.16962    0.10829    6
   3    4    2   0.851159    -0.980256    -1.004512      1.40355   33.16962    0.00008    6
   1    4  -12   0.849498    64.097227     4.610845      64.2629   33.23635    0.15876    6
   4    1   12   0.849498  -115.398273    -8.550645      115.715   33.23635    0.51477    6
   4    1  -12   0.849498    63.578064     4.572777      63.7423   33.23635    0.15620    6
   1    4   12   0.849498  -115.336568    -8.546120      115.653   33.23635    0.51422    6
   2    2  -15   0.845662    31.230496     1.152327      31.2517   33.39153    0.03717    6
   2    2   15   0.845662   121.453200     7.793623      121.703   33.39153    0.56370    6
   5    1   -8   0.840896     0.196797    -0.972994     0.992696   33.58637    0.00004    6
   1    5    8   0.840896    25.559539     0.903080      25.5755   33.58637    0.02458    6
   3    2   13   0.839694    47.635684     0.716597      47.6411   33.63588    0.08502    6
   2    3  -13   0.839694    34.902274    -0.226458       34.903   33.63588    0.04563    6
   0    4   14   0.838453    -0.446389    -0.512959     0.679993   33.68714    0.00002    6
   4    3    4   0.835859    14.597144     1.394582      14.6636   33.79484    0.00797    6
   3    4   -4   0.835859   -48.193699    -3.274339      48.3048   33.79484    0.08652    6
   5    0   11   0.834678   -36.477286    -1.974560      36.5307   33.84408    0.04932    6
   2    5    0   0.834200    31.924296    -1.274182      31.9497   33.86408    0.03768    6
   5    2    0   0.834200    32.846596    -1.205483      32.8687   33.86408    0.03988    6
   4    2  -10   0.828554  -106.712445    -5.879768      106.874   34.10187    0.41525    6
   2    4   10   0.828554    -8.996883     1.442123      9.11173   34.10187    0.00302    6
   4    3   -5   0.824910   -11.237994     0.223721      11.2402   34.25714    0.00455    6
   3    4    5   0.824910   -60.983334    -3.518258      61.0847   34.25714    0.13432    6
   2    5    3   0.823315    25.558789     5.281444      26.0988   34.32556    0.02441    6
   2    5   -3   0.823315  -159.811221    -8.686511      160.047   34.32556    0.91808    6
   5    2    3   0.823315    25.850983     5.303462      26.3894   34.32556    0.02496    6
   5    2   -3   0.823315  -160.518939    -8.739839      160.757   34.32556    0.92623    6
   0    6    6   0.822146   -35.214584    -5.219219      35.5993   34.37591    0.04528    6
   6    0    6   0.822146   -34.592899    -5.172315      34.9774   34.37591    0.04371    6
   2    1  -17   0.820316   -57.115333    -3.959500      57.2524   34.45496    0.11652    6
  -1   -2  -17   0.820316   -13.848263    -0.688661      13.8654   34.45496    0.00683    6
   1    1   18   0.819944    84.435058     8.446132      84.8564   34.47111    0.25571    6
   1    1  -18   0.819944  -138.284490    -8.397496      138.539   34.47111    0.68159    6
   3    2  -14   0.807659    66.020576     4.548967      66.1771   35.01223    0.15032    6
   2    3   14   0.807659    59.676088     4.062600      59.8142   35.01223    0.12281    6
   4    2   11   0.804283   -72.379514    36.513611      81.0681   35.16398    0.22346    6
  -2   -4   11   0.804283    17.982967    66.415152      68.8067   35.16398    0.16098    6
   1    3   16   0.798875   -62.989881    -1.796946      63.0155   35.40988    0.13298    6
   3    1  -16   0.798875  -103.202479    -4.910527      103.319   35.40988    0.35748    6
   1    5  -10   0.798799   -96.986578    -5.390484      97.1363   35.41333    0.31591    6
   5    1   10   0.798799   -25.493910     0.145530      25.4943   35.41333    0.02176    6
   1    0   19   0.797844    55.922099     1.438743      55.9406   35.45715    0.10449    6
   3    4   -7   0.797694     9.880554    -0.482523      9.89233   35.46406    0.00327    6
   4    3    7   0.797694     9.022836    -0.549024      9.03952   35.46406    0.00273    6
   6    1   -1   0.793390    66.053482     5.518484      66.2836   35.66289    0.14486    6
   1    6    1   0.793390    19.039712     1.855139      19.1299   35.66289    0.01207    6
   5    2    6   0.793053    63.738093     2.424530      63.7842   35.67855    0.13401    6
   5    2   -6   0.793053   142.804175     8.587839      143.062   35.67855    0.67414    6
   2   -2   -6   0.793053    55.647107    17.675474      58.3868   35.67855    0.11229    6
   2    5   -6   0.793053   143.321164     8.628138      143.581   35.67855    0.67904    6
  -1   -6    2   0.790225   -38.917392   -38.346927      54.6356   35.81053    0.09753    6
   6    1    2   0.790225    18.982515     0.639450      18.9933   35.81053    0.01179    6
   3    3   12   0.788895    73.016430     5.592955      73.2303   35.87294    0.17455    6
   3    3  -12   0.788895    76.061667     5.831495      76.2849   35.87294    0.18941    6
   4    3   -8   0.781992    66.654581     4.296100      66.7929   36.20055    0.14234    6
   3    4    8   0.781992    44.628170     2.556501      44.7013   36.20055    0.06376    6
   0    5   13   0.781025    26.544693    -0.679651      26.5534   36.24693    0.02243    6
   6    1    4   0.777936   -31.115589     3.571782      31.3199   36.39589    0.03093    6
   1    6    4   0.777936    27.313414     2.560661      27.4332   36.39589    0.02373    6
   1    5   11   0.776984   -60.456202    -4.033358      60.5906   36.44206    0.11544    6
   5    1  -11   0.776984     6.760974     1.307538      6.88625   36.44206    0.00149    6
   0    6    9   0.773664    22.913882     3.239822      23.1418   36.60398    0.01668    6
   6    0    9   0.773664    23.817391     3.311903      24.0466   36.60398    0.01801    6
   4    0   16   0.772104   -82.957491    -3.577745      83.0346   36.68052    0.21371    6
   0    2   19   0.771174    69.668722    18.399030      72.0573   36.72638    0.16050    6
   6    1    5   0.769086   -70.016287    -4.609770      70.1679   36.82964    0.15126    6
   1    6   -5   0.769086     7.430320     1.603956      7.60147   36.82964    0.00178    6
   3    1   17   0.765359   -49.129866    -3.497365      49.2542   37.01547    0.07371    6
   1    3  -17   0.765359    -4.856242     0.071374      4.85677   37.01547    0.00072    6
   0    3   18   0.765057   -51.690470    -2.188975      51.7368   37.03064    0.08125    6
   3    0   18   0.765057   -51.543745    -2.177143      51.5897   37.03064    0.08079    6
   1    4  -15   0.760300    91.012044     6.341162      91.2327   37.27083    0.24909    6
   4    1   15   0.760300    25.486289     1.025517      25.5069   37.27083    0.01947    6
  -4   -1   15   0.760300    90.731411     8.633176      91.1412   37.27083    0.24859    6
   1    4   15   0.760300    25.057280     0.990714      25.0769   37.27083    0.01882    6
   0    1   20   0.758820    42.493633     2.919953      42.5938   37.34620    0.05405    6
   4    2  -13   0.755954    94.321095     4.921679      94.4494   37.49305    0.26349    6
   2    4   13   0.755954    60.927209     2.197574      60.9668   37.49305    0.10979    6
   5    0   14   0.755048    72.440666     5.323442       72.636   37.53970    0.15541    6
   4    4    0   0.751938    32.595877    -0.882060      32.6078   37.70084    0.03102    6
   5    2    9   0.749273  -120.778350    -8.518860      121.078   37.83999    0.42430    6
   5    2   -9   0.749273    -5.684960     0.951594      5.76405   37.83999    0.00096    6
   2    5    9   0.749273  -120.925135    -8.530937      121.226   37.83999    0.42533    6
   2    5   -9   0.749273    -6.449206     0.888708      6.51015   37.83999    0.00123    6
  -3   -2  -16   0.747857    -0.242484    18.249028      18.2506   37.91440    0.00960    6
   2    3  -16   0.747857   -60.636571    -1.966475      60.6684   37.91440    0.10607    6
   4    3   10   0.747795   -76.586850    -4.166795      76.7001   37.91765    0.16950    6
   3    4  -10   0.747795   -29.439011    -0.279708      29.4403   37.91765    0.02497    6
   2    1   19   0.747011    72.327929     3.138946       72.396   37.95898    0.15064    6
   1    2  -19   0.747011    44.223478     0.819494      44.2311   37.95898    0.05623    6
   6    1   -7   0.746887    15.498982    -0.037581       15.499   37.96549    0.00690    6
   1    6    7   0.746887    15.520820    -0.035778      15.5209   37.96549    0.00692    6
   4    4    3   0.743937  -126.653856    -7.215690      126.859   38.12186    0.45820    6
   4    4   -3   0.743937     4.183227     3.626219      5.53614   38.12186    0.00087    6
   7    0    1   0.743351    41.003632     3.664338       41.167   38.15307    0.04816    6
   3    5    1   0.743351   -37.251027    -2.825339       37.358   38.15307    0.03966    6
   5    3   -1   0.743351   -25.210116    -1.826784      25.2762   38.15307    0.01816    6
   0    4   17   0.741722   -24.407753    -1.505024      24.4541   38.24010    0.01691    6
   2    2   18   0.741447  -107.260278    -6.976230      107.487   38.25486    0.32642    6
   2    2  -18   0.741447    57.553149     6.726513      57.9449   38.25486    0.09486    6
   0    7    2   0.740746   -23.330297    -2.691730      23.4851   38.29244    0.01555    6
   5    3    2   0.740746    38.935204     2.489934      39.0147   38.29244    0.04291    6
   3    5   -2   0.740746    28.071443     1.585864      28.1162   38.29244    0.02229    6
   2    0   20   0.735766    23.553972     1.373459       23.594   38.56186    0.01545    6
   6    1    8   0.733952    30.038435     1.566145      30.0792   38.66094    0.02497    6
   1    6   -8   0.733952    62.870711     4.323593      63.0192   38.66094    0.10962    6
   1    5  -13   0.733152    67.246354     2.881305      67.3081   38.70479    0.12473    6
   5    1   13   0.733152    45.568786     1.058707      45.5811   38.70479    0.05720    6
   4    2   14   0.732326    21.466248     1.167081       21.498   38.75020    0.01269    6
   2    4  -14   0.732326    13.965414     0.535717      13.9757   38.75020    0.00536    6
   5    3   -4   0.730595   -48.536508    -3.598703      48.6697   38.84568    0.06469    6
   3    5    4   0.730595   -32.761051    -2.267685      32.8394   38.84568    0.02945    6
   7    0    4   0.730595   -17.939670    -1.017166      17.9685   38.84568    0.00882    6
   0    0   21   0.730476   144.731473     9.744528      145.059   38.85226    0.19149    2
   4    3  -11   0.729806   -46.213041    -3.089679      46.3162   38.88935    0.05844    6
   3    4   11   0.729806    -1.501225     0.686872       1.6509   38.88935    0.00007    6
   0    7    5   0.723250   -26.950464    -1.349892      26.9842   39.25629    0.01943    6
   3    5   -5   0.723250    23.145143     2.920123      23.3286   39.25629    0.01452    6
   5    3    5   0.723250     7.291250     1.568780      7.45811   39.25629    0.00148    6
   6    2    1   0.721638   -23.007852    -1.759795      23.0751   39.34757    0.01413    6
   2    6   -1   0.721638     0.318230     0.232960     0.394387   39.34757    0.00000    6
   4    4    6   0.721385   118.376781    11.900942      118.974   39.36198    0.37543    6
   4    4   -6   0.721385    63.069354     2.867479      63.1345   39.36198    0.10572    6
   3    2  -17   0.720148   -29.764531    -1.959365       29.829   39.43237    0.02351    6
   2    3   17   0.720148   -52.535326    -3.908776      52.6805   39.43237    0.07332    6
   6    2   -2   0.719255     7.257169    -0.078711       7.2576   39.48338    0.00139    6
   2    6    2   0.719255    32.121386     2.052613      32.1869   39.48338    0.02729    6
   6    0   12   0.718252    57.774657     4.759885      57.9704   39.54082    0.08824    6
   0    6   12   0.718252    58.552217     4.826631      58.7508   39.54082    0.09063    6
   3    3   15   0.715928   -63.122090   -19.717960      66.1301   39.67450    0.11397    6
   3    3  -15   0.715928   -60.727858   -13.402523      62.1892   39.67450    0.10079    6
  -2   -1   20   0.714692    39.225302    31.042729      50.0227   39.74600    0.06495    6
   1   -1  -20   0.714692    15.430168     6.963836      16.9288   39.74600    0.00744    6
   1    5   14   0.711539    40.910828     2.855319      41.0103   39.92964    0.04321    6
   5    1  -14   0.711539    32.867496     2.158205      32.9383   39.92964    0.02787    6
   2    6   -4   0.709951   -53.687679    -4.109821      53.8448   40.02276    0.07410    6
   6    2    4   0.709951   -19.438103    -1.134587      19.4712   40.02276    0.00969    6
   1    1  -21   0.709842     6.294488    -1.896110      6.57387   40.02918    0.00110    6
   1    1   21   0.709842    -4.420627    -2.827072      5.24731   40.02918    0.00070    6
   0    5   16   0.705510   -39.161954    -0.418574      39.1642   40.28554    0.03864    6
   6    1  -10   0.705458    -5.759089    -0.060427      5.75941   40.28864    0.00084    6
   7   -1  -10   0.705458   -87.946149     4.563881      88.0645   40.28864    0.19533    6
   1    3   19   0.704800    28.635063    -0.274834      28.6364   40.32791    0.02061    6
   3    1  -19   0.704800    58.058454     2.300457       58.104   40.32791    0.08485    6
   7    0    7   0.704696    14.923360    -0.099339      14.9237   40.33410    0.00560    6
  -3   -5   -7   0.704696    88.150247     6.310844      88.3759   40.33410    0.19622    6
  -5   -3    7   0.704696    84.425259     5.984763      84.6371   40.33410    0.17997    6
   2    6    5   0.703205   -16.045520    51.054808      53.5168   40.42335    0.07160    6
   6    2   -5   0.703205    19.800108     2.654574      19.9773   40.42335    0.00998    6
